name,ttm,03/31/2022,12/31/2021,09/30/2021,06/30/2021,03/31/2021,12/31/2020,09/30/2020,06/30/2020,03/31/2020,12/31/2019,09/30/2019,06/30/2019,03/31/2019,12/31/2018,09/30/2018,06/30/2018,03/31/2018,12/31/2017,09/30/2017,06/30/2017,03/31/2017,12/31/2016,09/30/2016,06/30/2016,03/31/2016,12/31/2015,09/30/2015,06/30/2015,03/31/2015,12/31/2014,09/30/2014,06/30/2014,03/31/2014,12/31/2013,09/30/2013,06/30/2013,03/31/2013,12/31/2012,09/30/2012,06/30/2012,03/31/2012,12/31/2011,09/30/2011,06/30/2011,03/31/2011,12/31/2010,09/30/2010,06/30/2010,03/31/2010,12/31/2009,09/30/2009,06/30/2009,03/31/2009,12/31/2008,09/30/2008,06/30/2008,03/31/2008,12/31/2007,09/30/2007,06/30/2007,03/31/2007,12/31/2006,09/30/2006,06/30/2006,03/31/2006,12/31/2005,09/30/2005,06/30/2005,03/31/2005,12/31/2004,09/30/2004,06/30/2004,03/31/2004,12/31/2003,09/30/2003,06/30/2003,03/31/2003,12/31/2002,09/30/2002,06/30/2002,03/31/2002,12/31/2001,09/30/2001,06/30/2001,03/31/2001,12/31/2000,09/30/2000,06/30/2000,03/31/2000,12/31/1999,09/30/1999,06/30/1999,03/31/1999,12/31/1998,09/30/1998,06/30/1998,03/31/1998,12/31/1997,09/30/1997,06/30/1997,03/31/1997,12/31/1996,09/30/1996,06/30/1996,03/31/1996,12/31/1995,09/30/1995,06/30/1995,03/31/1995,12/31/1994,09/30/1994,06/30/1994,03/31/1994,12/31/1993
OperatingCashFlow,"172,353,000","-55,017,000","400,044,000","-136,342,000","-36,332,000","73,955,000","538,223,000","-37,130,000","21,169,000","47,609,000","454,881,000","-169,527,000","-46,629,000","79,765,000","440,477,000","-168,810,000","8,073,000","74,255,000","435,886,000","-175,442,000","-7,348,000","31,947,000","456,346,000","-246,223,000","-43,393,000","-20,050,000","474,018,000","-301,367,000","-27,020,000","-23,073,000","452,097,000","-194,411,000","-64,959,000","47,909,000","417,589,000","-158,042,000","-13,189,000","15,767,000","347,291,000","-213,953,000","3,498,000","27,070,000","252,349,000","-143,879,000","-81,962,000","3,583,000","201,848,000","-66,100,000","-17,443,000","21,617,000","219,906,000","-24,537,000","-49,393,000","39,498,000","134,299,000","-53,657,000","-48,733,000","21,367,000","94,769,000","-27,927,000","-17,479,000","11,691,000","55,033,000","-18,374,000","279,000","11,560,000","47,307,000","-4,014,000","-5,726,000","-7,960,000","8,244,000","-8,598,000","5,439,000","7,331,000","8,517,000","-2,229,000","952,000","3,809,000","2,768,000","-1,443,000","9,036,000","-2,920,000","-6,891,000","2,894,000","10,555,000","4,491,000","-5,188,000","5,058,000","16,275,000","-1,494,000","-4,200,000","8,200,000","24,500,000","-10,300,000","-15,500,000","1,700,000","14,800,000","-11,200,000","-9,700,000","6,500,000","13,500,000","-1,400,000","-2,200,000","400,000","6,300,000","4,400,000","-1,400,000","4,300,000","5,100,000","-3,100,000","-9,200,000","600,000","3,800,000","-6,000,000","-8,600,000"
	CashFlowFromContinuingOperatingActivities,"172,353,000","-55,017,000","400,044,000","-136,342,000","-36,332,000","73,955,000","538,223,000","-37,130,000","21,169,000","47,609,000","454,881,000","-169,527,000","-46,629,000","79,765,000","440,477,000","-168,810,000","8,073,000","74,255,000","435,886,000","-175,442,000","-7,348,000","31,947,000","456,346,000","-246,223,000","-43,393,000","-20,050,000","474,018,000","-301,367,000","-27,020,000","-23,073,000","452,097,000","-194,411,000","-64,959,000","47,909,000","417,589,000","-158,042,000","-13,189,000","15,767,000","347,291,000","-213,953,000","3,498,000","27,070,000","252,349,000","-143,879,000","-81,962,000","3,583,000","201,848,000","-66,100,000","-17,443,000","21,617,000","219,906,000","-24,537,000","-49,393,000","39,498,000","134,299,000","-53,657,000","-48,733,000","21,367,000","94,769,000","-27,927,000","-17,479,000","11,691,000","55,033,000","-18,374,000","279,000","11,560,000","47,307,000","-4,014,000","-5,726,000","-7,960,000","8,244,000","-8,598,000","5,439,000","7,331,000","8,517,000","-2,229,000","952,000","3,809,000","2,768,000","-1,443,000","9,036,000","-2,920,000","-6,891,000","2,894,000","10,555,000","4,491,000","-5,188,000","5,058,000","16,275,000","-1,494,000","-4,200,000","8,200,000","24,500,000","-10,300,000","-15,500,000","1,700,000","14,800,000","-11,200,000","-9,700,000","6,500,000","13,500,000","-1,400,000","-2,200,000","400,000","6,300,000","4,400,000","-1,400,000","4,300,000","5,100,000","-3,100,000","-9,200,000","600,000","3,800,000","-6,000,000","-8,600,000"
		NetIncomeFromContinuingOperations,"451,949,000","68,819,000","232,943,000","102,063,000","48,124,000","33,458,000","255,536,000","101,554,000","-7,973,000","16,090,000","201,593,000","77,810,000","-19,351,000","23,969,000","196,374,000","74,372,000","-30,407,000","20,615,000","86,341,000","49,559,000","-42,121,000","-15,704,000","41,027,000","39,305,000","-58,918,000","-23,706,000","156,921,000","36,377,000","-47,327,000","1,406,000","156,706,000","40,730,000","-37,062,000","-2,685,000","140,897,000","33,060,000","-29,275,000","1,007,000","98,057,000","43,061,000","-20,139,000","8,035,000","127,208,000","62,345,000",,,,"41,972,000","8,910,000","18,140,000","68,048,000","33,751,000","2,767,000","12,353,000","40,460,000","26,014,000","-3,820,000","11,294,000","35,389,000","19,330,000","2,020,000","9,698,000","12,543,000","10,599,000","2,731,000","5,649,000","12,076,000","8,150,000","2,732,000","8,887,000","9,248,000","5,822,000","5,087,000","5,382,000","-5,064,000","481,000","2,006,000","4,203,000","1,363,000","-2,547,000","642,000","-6,811,000","506,000","-2,098,000","731,000","2,487,000","794,000","-395,000","2,232,000","4,384,000","300,000","-1,300,000","1,700,000","2,200,000","-900,000","-5,200,000","1,400,000","1,800,000","500,000","400,000","1,600,000","2,000,000","600,000","600,000","1,000,000","1,500,000","-3,200,000","-1,200,000","1,100,000","4,700,000","1,200,000","1,500,000","3,700,000","4,100,000","1,300,000"
		OperatingGainsLosses,"107,000","70,000","14,000","18,000","5,000","760,000","124,000","157,000","-22,000","19,000","288,000","332,000","59,000","190,000","183,000","293,000","58,000","55,000","59,000","147,000","126,000","67,000","-63,000",,,"-400,000","0",,,,,,,,,,,,,,,,,,,,,,,,,,,,"-137,000","41,000",,,"5,000","6,000","190,000","-215,000","-1,000","0","-1,001,000","994,000","5,796,000","1,111,000","1,128,000","1,601,000","7,929,000","997,000","157,000","430,000","1,546,000","335,000","842,000","348,000","-101,000","468,000","838,000","9,768,000","510,000","-76,000","60,000","1,216,000","707,000","537,000","509,000","428,000","400,000","500,000","500,000","400,000","200,000","200,000","200,000","200,000","700,000","-900,000","800,000","900,000","1,700,000","100,000","400,000","900,000","2,300,000","400,000","0","300,000","200,000",,,"300,000","300,000"
			GainLossOnSaleOfPPE,"107,000","70,000","14,000","18,000","5,000","760,000","124,000","157,000","-22,000","19,000","288,000","332,000","59,000",,,,,,,,,,,,,,,,,,,,,,,,,,,,,,,,,,,,,,,,,,,,,,,,,,,,,,,,,,,,,,,,,,,,,,,,,,,,,,,,,,,,,,,,,,,,,,,,,,,,,,
		DepreciationAmortizationDepletion,"42,878,000","11,676,000","11,271,000","9,960,000","9,971,000","9,893,000","11,138,000","10,223,000","9,276,000","9,475,000","9,471,000","9,621,000","10,345,000","11,394,000","11,413,000","10,729,000","11,405,000","11,917,000","12,202,000","12,185,000","12,268,000","13,134,000","13,609,000","12,864,000","13,021,000","11,897,000","13,064,000","13,158,000","11,905,000","11,485,000","13,035,000","13,642,000","11,131,000","10,569,000","14,030,000","9,559,000","8,880,000","8,970,000","10,468,000","8,233,000","6,248,000","8,418,000","9,082,000","8,356,000","5,662,000","5,877,000","3,447,000","2,600,000","2,341,000","3,895,000","2,834,000","2,637,000","2,617,000","2,106,000","1,751,000","1,608,000","1,527,000","1,122,000","670,000","1,035,000","910,000","901,000","818,000","781,000","756,000","727,000","705,000","658,000","562,000","572,000","453,000","457,000","444,000","433,000","2,280,000","444,000","436,000","417,000","471,000","670,000","724,000","719,000","903,000","929,000","883,000","862,000","775,000","750,000","681,000","734,000","700,000","900,000","800,000","700,000","600,000","700,000","700,000","600,000","600,000","800,000","400,000","700,000","800,000","500,000","500,000","500,000","600,000","400,000","300,000","400,000","200,000","200,000","200,000","200,000","200,000"
			DepreciationAndAmortization,"42,878,000","11,676,000","11,271,000","9,960,000","9,971,000","9,893,000","11,138,000","10,223,000","9,276,000","9,475,000","9,471,000","9,621,000","10,345,000","11,394,000","11,413,000","10,729,000","11,405,000","11,917,000","12,202,000","12,185,000","12,268,000","13,134,000","13,609,000","12,864,000","13,021,000","11,897,000","13,064,000","13,158,000","11,905,000","11,485,000","13,035,000","13,642,000","11,131,000","10,569,000","14,030,000","9,559,000","8,880,000","8,970,000",,,,,,,,,,,,,,,,,"1,751,000","1,608,000","1,527,000","1,122,000","670,000","1,035,000","910,000","901,000","818,000","781,000","756,000","727,000","705,000","658,000","562,000","572,000","453,000","457,000","444,000","433,000","2,280,000","444,000","436,000","417,000","471,000","670,000","724,000","719,000","903,000","929,000","883,000","862,000","775,000","750,000","681,000","734,000","700,000","900,000","800,000","700,000","600,000","700,000","700,000","600,000","600,000","800,000","400,000","700,000","800,000","500,000","500,000","500,000","600,000","400,000","300,000","400,000","200,000","200,000","200,000","200,000","200,000"
				Depreciation,"42,878,000","11,676,000","11,271,000","9,960,000","9,971,000","9,893,000","11,138,000","10,223,000","9,276,000","9,475,000","9,471,000","9,621,000","10,345,000","11,394,000","11,413,000","10,729,000","11,405,000","11,917,000","12,202,000","12,185,000","12,268,000","13,134,000","13,609,000","12,864,000","13,021,000","11,897,000","13,064,000","13,158,000","11,905,000","11,485,000","13,035,000","13,642,000","11,131,000","10,569,000","14,030,000","9,559,000","8,880,000","8,970,000",,,,,,,,,,,,,,,,,,,,,,,,,,,,,,,,,,,,,,,,,,,,,,,,,,,,,,,,,,,,,,,,,,,,,,,,,,,,,
		DeferredTax,"-27,796,000","-23,533,000","-1,024,000","763,000","-4,002,000","-10,030,000","356,000","1,517,000","-14,000","3,954,000","-608,000","1,234,000","-1,646,000","1,845,000","7,123,000","-804,000","-1,225,000","-4,194,000","15,781,000","-517,000","-2,932,000","12,529,000","-34,877,000","-15,000","-2,132,000","3,344,000","4,670,000","-16,000","169,000","8,628,000","190,000","1,152,000","0","-2,736,000",,,,,,,,,,,,,,,,,,,,,"-22,130,000","1,000",,,,,,,,,,,,,,,,,,,,,,,,,,,,,,,,,,,,,,,,,,,,,,,,,,,,,,,,,,,
			DeferredIncomeTax,"-27,796,000","-23,533,000","-1,024,000","763,000","-4,002,000","-10,030,000","356,000","1,517,000","-14,000","3,954,000","-608,000","1,234,000","-1,646,000","1,845,000","7,123,000","-804,000","-1,225,000","-4,194,000","15,781,000","-517,000","-2,932,000","12,529,000","-34,877,000","-15,000","-2,132,000","3,344,000","4,670,000","-16,000","169,000","8,628,000","190,000","1,152,000","0","-2,736,000",,,,,,,,,,,,,,,,,,,,,"-22,130,000","1,000",,,,,,,,,,,,,,,,,,,,,,,,,,,,,,,,,,,,,,,,,,,,,,,,,,,,,,,,,,,
		AssetImpairmentCharge,"2,844,000","-88,000","2,942,000","2,444,000","-2,454,000","10,207,000","609,000","4,499,000","5,344,000","2,788,000","976,000","2,036,000","-937,000","0","180,000",,,"517,000","1,507,000","262,000","131,000","3,133,000",,,,"3,000,000","4,538,000",,,,,,,,,,,,,,,"862,000",,,,,"0","0",,,"0","0",,,,,,,,,,,,,,,,,,,,,,,,,,,,,,,,,,,,,,,,,,,,,,,,,,,,,,,,,,,,,,,
		ProvisionandWriteOffofAssets,,,,,,,,,,,,,,"878,000","-423,000","1,786,000","608,000","519,000","-1,029,000","1,663,000","3,015,000","1,680,000","557,000","61,000","549,000","1,895,000","-306,000","269,000","3,262,000","120,000","-82,000","557,000","512,000","-169,000","371,000","55,000","13,000","-314,000","411,000","1,238,000","275,000","204,000","121,000","-772,000","118,000","-171,000",,,,,,,,,,,,,,,,,,,,,,,,,,,,,,,,,,,,,,,,,,,,,,,,,,,,,,,,,,,,,,,,,,,,,
		StockBasedCompensation,"26,816,000","8,535,000","6,489,000","6,234,000","5,558,000","5,142,000","9,924,000","3,948,000","3,687,000","1,711,000","4,269,000","5,024,000","3,473,000","3,234,000","4,088,000","3,881,000","3,571,000","3,711,000","3,725,000","4,162,000","2,704,000","2,151,000","-637,000","2,591,000","2,070,000","1,205,000","-818,000","3,951,000","2,284,000","4,074,000","2,517,000","3,942,000","2,991,000","2,865,000","3,315,000","3,415,000","4,002,000","2,404,000","2,632,000","3,072,000","4,987,000","3,970,000","3,909,000","4,064,000","4,003,000","2,827,000","2,570,000","3,655,000","3,615,000","2,942,000","5,638,000","2,505,000","2,470,000","2,403,000",,,,,,,,,,,,,,,,,,,,,,,,,,,,,,,,,,,,,,,,,,,,,,,,,,,,,,,,,,,,,
		ExcessTaxBenefitFromStockBasedCompensation,,,,,,"1,101,000","-34,000","-1,638,000","-15,000","-198,000","249,000","-1,424,000","-580,000",,,"1,230,000","106,000","80,000","1,789,000","51,000","25,000",,,,,,,,,,,,,,,,,,,,,,,,,,,,,,,,,,,,,,,,,,,,,,,,,,,,,,,,,,,,,,,,,,,,,,,,,,,,,,,,,,,,,,,,,,,,,,
		OtherNonCashItems,"1,552,000","398,000","387,000","400,000","367,000","317,000",,,,,,,,"65,000","221,000",,,"0","149,000","0","1,518,000","21,647,000","4,737,000","656,000","1,976,000","24,755,000","-2,735,000","-489,000","-1,030,000","-1,881,000","568,000","-1,824,000","2,532,000","816,000","1,731,000","527,000","-5,000","868,000","-402,000","2,179,000","7,946,000","165,000","2,681,000","4,495,000","-18,556,000","21,124,000","161,498,000","1,562,000","55,000","-1,450,000","122,000","2,158,000","776,000","1,358,000","27,875,000","5,466,000","16,434,000","3,261,000","3,764,000","2,521,000","2,437,000","1,086,000","15,895,000","1,775,000","1,908,000","331,000",,,,,,,,,,,,,,,,,,,,,,,,,"0",,,,,,"-200,000","100,000",,"-200,000",,,,,,,"0","-100,000",,,,,,"-100,000",
		ChangeInWorkingCapital,"-325,997,000","-120,894,000","147,022,000","-258,224,000","-93,901,000","23,107,000","260,357,000","-157,390,000","10,886,000","14,475,000","238,643,000","-264,160,000","-37,992,000","38,190,000","222,654,000","-260,592,000","23,957,000","41,035,000","315,362,000","-242,954,000","17,918,000","-6,690,000","307,960,000","-302,219,000","41,000","-42,040,000","298,684,000","-355,914,000","3,717,000","-46,905,000","279,163,000","-252,610,000","-45,063,000","39,249,000","261,337,000","-204,658,000","3,196,000","2,832,000","241,782,000","-271,736,000","5,043,000","5,416,000","109,415,000","-222,367,000","-85,494,000","-26,074,000","105,067,000","-115,889,000","-32,364,000","-1,910,000","137,956,000","-65,588,000","-59,023,000","21,278,000","86,480,000","-86,787,000","-62,880,000","5,690,000","58,874,000","-50,819,000","-23,036,000","221,000","28,879,000","-31,529,000","-4,115,000","3,859,000","30,161,000","-14,385,000","-10,148,000","-19,020,000","-10,322,000","-15,874,000","-249,000","1,086,000","10,199,000","-3,489,000","-2,332,000","-1,159,000","379,000","-34,000","6,832,000","-6,596,000","-8,366,000","4,139,000","8,881,000","-74,000","-5,873,000","4,166,000","12,853,000","-7,040,000","-6,400,000","8,000,000","21,500,000","-13,600,000","-15,000,000","5,900,000","12,700,000","-13,900,000","-11,900,000","6,400,000","10,600,000","-5,000,000","-5,200,000","-800,000","4,400,000","1,500,000","-1,100,000","4,800,000","3,500,000","-8,500,000","-10,700,000","-1,400,000","100,000","-10,500,000","-10,500,000"
			ChangeInReceivables,"-98,560,000","27,751,000","35,827,000","-163,977,000","1,839,000","104,682,000","15,024,000","-191,894,000","40,857,000","98,459,000","45,364,000","-178,488,000","18,361,000","99,673,000","42,443,000","-170,149,000","11,711,000","94,572,000","78,805,000","-174,123,000","38,515,000","34,618,000","96,665,000","-185,021,000","51,071,000","7,867,000","115,139,000","-156,822,000","1,985,000","28,849,000","82,063,000","-121,040,000","-41,927,000","77,983,000","36,393,000","-92,282,000","-13,445,000","75,952,000","64,930,000","-117,295,000","-32,154,000","85,010,000","34,179,000","-90,856,000","-45,129,000","38,607,000","25,637,000","-61,264,000","-26,691,000","22,869,000","37,138,000","-50,428,000","-6,922,000","51,739,000","4,351,000","-55,453,000","-17,941,000","30,890,000","2,029,000","-44,173,000","6,248,000","13,371,000","631,000","-26,045,000","3,387,000","13,152,000","2,674,000","-18,645,000","13,226,000","313,000","-7,730,000","-15,099,000","4,834,000","-5,797,000","-1,625,000","-2,011,000","9,259,000","-4,839,000","-5,044,000","1,305,000","6,427,000","-4,912,000","-8,442,000","3,708,000","11,508,000","-5,990,000","-7,371,000","8,629,000","10,793,000","-12,792,000","-6,500,000","9,700,000","16,900,000","-18,300,000","-8,000,000","5,100,000","12,900,000","-14,500,000","-6,400,000","5,300,000","7,100,000","-11,600,000","100,000","2,600,000","3,600,000","-6,000,000","3,200,000","2,900,000","10,300,000","-18,900,000","-6,500,000","8,100,000","2,100,000","-14,000,000","-7,200,000"
				ChangesInAccountReceivables,"-86,627,000","31,941,000","36,065,000","-154,000,000","-633,000","100,535,000","14,124,000","-195,541,000","47,709,000","98,489,000","47,993,000","-176,835,000","19,860,000","99,481,000","43,245,000","-170,823,000","11,940,000","88,370,000","75,007,000","-199,340,000","46,733,000","56,463,000","82,816,000","-197,270,000","56,655,000","33,274,000","90,511,000","-169,773,000","22,443,000","46,322,000","75,455,000","-133,658,000","-25,004,000","77,983,000","27,597,000","-102,159,000","429,000","80,751,000","48,092,000","-117,315,000","-15,296,000","85,010,000","34,179,000","-107,141,000","-28,844,000","38,607,000","25,637,000","-61,264,000","-26,691,000","22,869,000","37,138,000","-50,428,000","-6,922,000","51,739,000",,,,,,,,,,,,,,,,,,,,,,,,,,,,,,,,,,,,,,,,,,,,,,,,,,,,,,,,,,,,,
			ChangeInInventory,"-228,554,000","43,954,000","85,520,000","-178,565,000","-179,463,000","27,057,000","178,839,000","-49,163,000","-123,355,000","54,327,000","192,928,000","-85,480,000","-194,552,000","63,200,000","172,884,000","-90,616,000","-136,641,000","96,707,000","159,251,000","-113,912,000","-142,797,000","74,651,000","204,526,000","-108,864,000","-169,253,000","69,352,000","224,398,000","-221,431,000","-133,811,000","54,994,000","187,746,000","-125,028,000","-144,460,000","49,272,000","183,804,000","-82,535,000","-103,765,000","43,076,000","189,204,000","-141,527,000","-138,535,000","43,955,000","102,425,000","-142,110,000","-104,772,000","16,718,000","71,480,000","-77,657,000","-52,064,000","17,134,000","101,522,000","-43,520,000","-79,867,000","27,112,000","62,455,000","-46,071,000","-63,835,000","1,702,000","35,595,000","-22,610,000","-33,521,000","-2,232,000","17,584,000","-6,706,000","-14,184,000","762,000","31,187,000","-801,000","-22,454,000","-15,882,000","-3,860,000","-8,295,000","-2,171,000","172,000","3,052,000","23,000","-6,802,000","354,000","1,382,000","-1,283,000","-1,420,000","3,070,000","-6,650,000","690,000","2,975,000","973,000","-2,516,000","-2,342,000","6,095,000","-280,000","-1,100,000","-500,000","7,900,000","-700,000","-7,200,000","100,000","2,700,000","-300,000","-4,600,000","-400,000","7,400,000","3,600,000","-3,600,000","-5,300,000","1,500,000","2,000,000","-600,000","4,700,000","-1,400,000","6,900,000","-6,500,000","-6,200,000","1,900,000","600,000","-3,500,000"
			ChangeInPrepaidAssets,"-19,095,000","14,841,000","-22,994,000","14,433,000","-25,375,000","10,259,000","-20,375,000","-9,117,000","-2,895,000","22,447,000","-4,921,000","-7,877,000","-7,172,000","19,293,000","-14,843,000","4,330,000","-9,295,000","20,199,000","-6,979,000","-12,208,000","10,112,000","28,004,000","-9,939,000","-14,771,000","4,681,000","18,730,000","-14,497,000","-7,240,000","-674,000","19,467,000","-18,608,000","-9,242,000","-1,993,000","68,837,000","-40,569,000","-22,420,000","11,848,000","-7,413,000","-975,000","-821,000","21,109,000","4,198,000","-33,457,000","-36,188,000","-538,000","-5,342,000","-6,055,000","-1,196,000","644,000","-159,000","-3,575,000","1,214,000","196,000","-1,243,000","1,480,000","-364,000","862,000","-2,393,000","-341,000","-58,000","-27,000","-248,000","40,000","-172,000","-319,000","-384,000","150,000","-148,000","-110,000","235,000","-239,000","-90,000","-109,000","-394,000","-811,000","119,000","34,000","64,000","655,000","-144,000","-207,000","639,000","-559,000","56,000","415,000","-506,000",,,,,,,,,,,,,,,,,,,,,,,,,,,,,
			ChangeInPayablesAndAccruedExpense,"44,320,000","-203,275,000","48,969,000","76,852,000","121,774,000","-116,621,000","80,002,000","100,298,000","95,685,000","-158,869,000","10,817,000","6,120,000","147,906,000","-146,320,000","19,026,000","-6,096,000","161,074,000","-171,296,000","28,867,000","53,592,000","111,642,000","-147,169,000","13,120,000","3,895,000","117,596,000","-139,990,000","-24,786,000","30,444,000","132,489,000","-154,761,000","25,877,000","2,331,000","144,109,000","-155,109,000","79,511,000","-6,676,000","109,557,000","-103,199,000","-13,330,000","-13,387,000","157,348,000","-127,502,000","7,603,000","46,765,000","65,253,000","-74,812,000","14,948,000","22,907,000","45,096,000","-41,261,000","3,439,000","26,607,000","26,095,000","-56,293,000","-5,381,000","-2,124,000","25,078,000","-10,834,000","5,075,000","7,353,000","8,514,000","-5,774,000","10,749,000","-4,414,000","5,796,000","-5,584,000","-1,036,000","2,147,000","-274,000","-2,855,000","5,102,000","3,886,000","-6,994,000","3,310,000","13,049,000","-2,533,000","-4,363,000","-202,000","6,174,000","-1,253,000","1,312,000","-7,077,000","7,492,000","-1,323,000","-3,253,000","3,035,000","1,791,000","44,000","-2,912,000","1,836,000","1,600,000","1,200,000","-2,800,000","-700,000","4,100,000","-600,000","600,000","200,000","-1,100,000","1,000,000","-700,000","-1,100,000","400,000","2,600,000","-400,000","-100,000","1,700,000","-3,500,000","-400,000","100,000","100,000","-1,400,000","300,000","200,000","500,000"
				ChangeInPayable,"64,690,000","-172,123,000","514,000","80,107,000","156,192,000","-94,748,000","15,778,000","76,773,000","107,776,000","-126,253,000","-41,743,000","28,578,000","156,504,000","-123,705,000","-24,549,000","20,229,000","162,869,000","-137,897,000","-22,027,000","29,222,000","124,880,000","-109,565,000","-1,649,000","-11,900,000","111,546,000","-100,785,000","-41,646,000","16,563,000","140,246,000","-125,014,000","-230,000","-3,097,000","142,136,000","-121,443,000","53,421,000","-23,834,000","110,080,000","-94,030,000","-26,970,000","-15,143,000","154,766,000","-99,541,000","-1,990,000","26,549,000","66,236,000","-46,836,000","-5,472,000","10,941,000","46,776,000","-27,023,000","-9,019,000","18,767,000","28,291,000","-40,774,000",,,,,,,,,,,,,,,,,,,,,,,,,,,,,,,,,,,,,,,,,,,,,,,,,,,,,,,,,,,,,
					ChangeInTaxPayable,"-24,494,000","-14,343,000","9,578,000","-23,777,000","4,048,000","-21,127,000","25,270,000","20,687,000","1,573,000","-29,771,000","26,876,000","15,294,000","-18,625,000","-20,245,000","24,594,000","5,160,000","-5,700,000","-32,403,000","23,557,000","12,436,000","-7,228,000","-29,582,000","28,517,000","-2,094,000","-584,000","-9,135,000","12,443,000","-1,815,000","-1,890,000","-39,561,000","43,657,000","-232,000","1,019,000","-46,545,000","46,691,000","1,079,000","-1,649,000","-21,735,000","7,531,000","12,343,000","4,624,000","-30,318,000","19,303,000","7,321,000","1,871,000","-22,773,000","658,000","17,692,000","-3,720,000","-9,150,000","-4,394,000","18,253,000","-3,660,000","-16,724,000",,,,,,,,,,,,,,,,,,,,,,,,,,,,,,,,,,,,,,,,,,,,,,,,,,,,,,,,,,,,,
						ChangeInIncomeTaxPayable,"-24,494,000","-14,343,000","9,578,000","-23,777,000","4,048,000","-21,127,000","25,270,000","20,687,000","1,573,000","-29,771,000","26,876,000","15,294,000","-18,625,000","-20,245,000","24,594,000","5,160,000","-5,700,000","-32,403,000","23,557,000","12,436,000","-7,228,000","-29,582,000","28,517,000","-2,094,000","-584,000","-9,135,000","12,443,000","-1,815,000","-1,890,000","-39,561,000","43,657,000","-232,000","1,019,000","-46,545,000","46,691,000","1,079,000","-1,649,000","-21,735,000","7,531,000","12,343,000","4,624,000","-30,318,000","19,303,000","7,321,000","1,871,000","-22,773,000","658,000","17,692,000","-3,720,000","-9,150,000","-4,394,000","18,253,000","-3,660,000","-16,724,000",,,,,,,,,,,,,,,,,,,,,,,,,,,,,,,,,,,,,,,,,,,,,,,,,,,,,,,,,,,,,
					ChangeInAccountPayable,"89,184,000","-157,780,000","-9,064,000","103,884,000","152,144,000","-73,621,000","-9,492,000","56,086,000","106,203,000","-96,482,000","-68,619,000","13,284,000","175,129,000","-103,460,000","-49,143,000","15,069,000","168,569,000","-105,494,000","-45,584,000","16,786,000","132,108,000","-79,983,000","-30,166,000","-9,806,000","112,130,000","-91,650,000","-54,089,000","18,378,000","142,136,000","-85,453,000","-43,887,000","-2,865,000","141,117,000","-74,898,000","6,730,000","-24,913,000","111,729,000","-72,295,000","-34,501,000","-27,486,000","150,142,000","-69,223,000","-21,293,000","19,228,000","64,365,000","-24,063,000","-6,130,000","-6,751,000","50,496,000","-17,873,000","-4,625,000","514,000","31,951,000","-24,050,000",,,,,,,,,,,,,,,,,,,,,,,,,,,,,,,,,,,,,,,,,,,,,,,,,,,,,,,,,,,,,
				ChangeInAccruedExpense,"-20,370,000","-31,152,000","48,455,000","-3,255,000","-34,418,000","-21,873,000","64,224,000","23,525,000","-12,091,000","-32,616,000","52,560,000","-22,458,000","-8,598,000","-22,615,000","43,575,000","-26,325,000","-1,795,000","-33,399,000","50,894,000","24,370,000","-13,238,000","-37,604,000","14,769,000","15,795,000","6,050,000","-39,205,000","16,860,000","13,881,000","-7,757,000","-29,747,000","26,107,000","5,428,000","1,973,000","-33,666,000","26,090,000","17,158,000","-523,000","-9,169,000","13,640,000","1,756,000","2,582,000","-27,961,000","9,593,000","20,216,000","-983,000","-27,976,000","20,420,000","11,966,000","-1,680,000","-14,238,000","12,458,000","7,840,000","-2,196,000","-15,519,000",,,,,,,,,,,,,,,,,,,,,,,,,,,,,,,,,,,,,,,,,,,,,,,,,,,,,,,,,,,,,
			ChangeInOtherCurrentAssets,"-28,296,000","-965,000","1,056,000","-1,936,000","-26,451,000","-80,000","-810,000","-940,000","-1,273,000","-634,000","-5,785,000","408,000","-547,000","-1,149,000","1,771,000","304,000","1,418,000","-447,000","-600,000","-549,000","-118,000","316,000","1,085,000","1,414,000","-556,000","-432,000","-2,435,000","-807,000","592,000","1,230,000","-767,000","775,000","-1,382,000","-758,000","24,000","-3,003,000","-1,355,000","44,000",,,,,,,,,,"50,000","-38,000","288,000","0","0","0","300,000","140,000","-7,000","0","117,000",,,,,,,,,"19,000","541,000","-30,000","10,000","-703,000","-4,000","473,000","249,000","-1,065,000","78,000","210,000","91,000",,"-862,000","495,000","1,575,000","460,000","-966,000","-59,000","-121,000","1,192,000","-1,000,000","309,000","1,528,000","-1,000,000","-1,700,000","1,000,000","4,500,000","-4,800,000","1,900,000","-1,100,000","-500,000","600,000","400,000","-400,000","1,000,000","-1,900,000","-500,000","-300,000","4,100,000","-100,000","-2,900,000","200,000","-700,000","1,900,000","-500,000","-2,100,000","-1,800,000","-200,000"
			ChangeInOtherCurrentLiabilities,"999,000","-3,746,000","1,948,000","-4,333,000","7,130,000","-788,000","2,640,000","-4,240,000","2,918,000","317,000","1,115,000","941,000","-955,000","3,493,000","1,373,000","1,635,000","-4,310,000","1,300,000","56,018,000","4,246,000","564,000","2,890,000","2,503,000","1,128,000","-3,498,000","2,455,000","865,000","739,000","3,136,000","3,316,000","3,039,000","-390,000","751,000","1,998,000","2,174,000","2,258,000","356,000","830,000",,,,,,,,,,,,,,,,,"23,158,000","16,459,000","-7,123,000","-16,325,000","16,516,000","8,670,000","-4,232,000","-3,646,000","-123,000","5,806,000","1,207,000","-4,087,000","-2,833,000","2,521,000","-506,000","-841,000","-2,892,000","3,728,000","3,718,000","3,546,000","-2,401,000","835,000","-670,000","3,373,000","-1,580,000","2,203,000","225,000","109,000","-667,000","1,974,000","-2,705,000","2,535,000","1,031,000","-1,165,000","-1,432,000","2,668,000",,"-700,000","-1,500,000","1,600,000","900,000","-600,000","-2,400,000","1,200,000",,"100,000","-2,800,000","3,100,000","-200,000","-200,000","0","1,500,000","-5,300,000","3,600,000","-5,200,000","4,100,000","300,000","-1,400,000","-2,100,000","4,500,000","-100,000"
			ChangeInOtherWorkingCapital,"3,189,000","546,000","-3,304,000","-698,000","6,645,000","-1,402,000","5,037,000","-2,334,000","-1,051,000","-1,572,000","-875,000","216,000","-1,033,000","3,493,000","1,373,000","1,635,000","-4,310,000","1,300,000","56,018,000","4,246,000","564,000","2,890,000","2,503,000","1,128,000","-3,498,000","-22,000","0","-58,000","3,136,000","0","-187,000","-16,000","-161,000","-2,974,000","0","0","0","-6,458,000","717,000","1,294,000","-2,725,000","-245,000","-1,335,000","22,000","-308,000","-1,245,000","-643,000","1,271,000","689,000","-781,000","-568,000","539,000","1,475,000","-337,000","277,000","773,000","79,000","2,533,000","1,250,000","-1,251,000","1,232,000","-1,250,000",,,,,,,,,,,,,,,,,,,,,,,,,,,,,,,,,,,,,,,,,,,,,,,,,,,,,
InvestingCashFlow,"-51,009,000","-9,694,000","-14,596,000","-11,204,000","-15,515,000","-10,918,000","-7,967,000","-4,072,000","-9,212,000","-8,566,000","-8,694,000","-7,538,000","-7,166,000","-7,254,000","-7,741,000","-6,784,000","-7,239,000","-13,295,000","-11,251,000","-6,316,000","-3,835,000","-7,789,000","-5,084,000","-11,512,000","-20,114,000","-14,421,000","-14,051,000","-15,294,000","-23,455,000","-24,484,000","-28,173,000","-29,245,000","-18,734,000","-17,633,000","-28,736,000","-26,796,000","-17,561,000","-12,104,000","-20,546,000","-26,865,000","-16,763,000","-11,188,000","-32,444,000","-133,954,000","-9,160,000","-9,208,000","-7,993,000","-9,763,000","-3,495,000","19,651,000","21,051,000","11,834,000","-20,829,000","-37,454,000","9,024,000","7,735,000","45,188,000","4,769,000","-80,716,000","28,982,000","17,306,000","-21,139,000","-38,715,000","25,652,000","-1,917,000","-52,566,000","-2,974,000","-1,247,000","-908,000","14,031,000","-15,720,000","-244,000","-452,000","-457,000","-2,878,000","-200,000","-177,000","-149,000","-43,829,000","-47,000","-38,000","-817,000","-513,000","-758,000","-489,000","-1,644,000","-41,000","-1,041,000","-167,000","-487,000","-100,000","-1,000,000","-400,000","-400,000","-400,000","-500,000","-500,000","-2,400,000","-300,000","-200,000","-1,500,000","-700,000","400,000","-1,000,000","-1,100,000","-200,000","-400,000","-14,600,000","1,100,000","2,700,000","9,300,000","-2,200,000","-3,100,000","6,700,000","-18,600,000"
	CashFlowFromContinuingInvestingActivities,"-51,009,000","-9,694,000","-14,596,000","-11,204,000","-15,515,000","-10,918,000","-7,967,000","-4,072,000","-9,212,000","-8,566,000","-8,694,000","-7,538,000","-7,166,000","-7,254,000","-7,741,000","-6,784,000","-7,239,000","-13,295,000","-11,251,000","-6,316,000","-3,835,000","-7,789,000","-5,084,000","-11,512,000","-20,114,000","-14,421,000","-14,051,000","-15,294,000","-23,455,000","-24,484,000","-28,173,000","-29,245,000","-18,734,000","-17,633,000","-28,736,000","-26,796,000","-17,561,000","-12,104,000","-20,546,000","-26,865,000","-16,763,000","-11,188,000","-32,444,000","-133,954,000","-9,160,000","-9,208,000","-7,993,000","-9,763,000","-3,495,000","19,651,000","21,051,000","11,834,000","-20,829,000","-37,454,000","9,024,000","7,735,000","45,188,000","4,769,000","-80,716,000","28,982,000","17,306,000","-21,139,000","-38,715,000","25,652,000","-1,917,000","-52,566,000","-2,974,000","-1,247,000","-908,000","14,031,000","-15,720,000","-244,000","-452,000","-457,000","-2,878,000","-200,000","-177,000","-149,000","-43,829,000","-47,000","-38,000","-817,000","-513,000","-758,000","-2,055,000","-78,000","-41,000","-1,041,000","-167,000","-487,000","-100,000","-1,000,000","-400,000","-400,000","-400,000","-500,000","-500,000","-2,400,000","-300,000","-200,000","-1,500,000","-700,000","400,000","-1,000,000","-1,100,000","-200,000","-400,000","-14,600,000","1,100,000","2,700,000","9,300,000","-2,200,000","-3,100,000","6,700,000","-18,600,000"
		CapitalExpenditureReported,,,,,,,,,,,,,,,,,,,,,,,,,"0",,,,"-4,700,000",,,,,,,,,,,,,,,,,,,,,,,,,,,,,,,,,,,,,,,,,,,,,,,,,,,,,,,,,,,,,,,,,,,,,,,,,,,,,,,,,,,,,,
		NetPPEPurchaseAndSale,"-51,009,000","-9,694,000","-14,596,000","-11,204,000","-15,515,000","-10,918,000","-7,967,000","-4,072,000","-9,212,000","-8,566,000","-8,694,000","-7,538,000","-7,166,000","-7,254,000","-7,741,000","-6,784,000","-7,239,000","-13,295,000","-11,251,000","-6,316,000","-3,835,000","-7,789,000","-5,084,000","-11,512,000","-20,114,000","-14,821,000","-14,051,000","-17,729,000","-18,755,000","-24,484,000","-28,173,000","-19,756,000","-18,734,000","-17,603,000","-24,069,000","-26,942,000","-16,714,000","-12,104,000","-19,573,000","-16,051,000","-14,763,000","-11,188,000","-34,055,000","-7,573,000","-8,850,000","-5,060,000","-7,993,000","-7,763,000","-3,495,000","-3,238,000","-2,438,000","-4,698,000","-4,050,000","-2,513,000","-5,618,000","-6,813,000","-3,464,000","-6,323,000","-2,651,000","-1,669,000","-469,000","-1,542,000","-2,204,000","-1,748,000","-1,271,000","-278,000","-474,000","-1,247,000","-908,000","-1,444,000","-245,000","-244,000","-452,000","-457,000","-1,387,000","-200,000","-161,000","-90,000","-575,000","-47,000","-38,000","-817,000","-513,000","-758,000","-489,000","-78,000","-41,000","-1,041,000","-167,000","-487,000","0","-100,000","-400,000","-400,000","-300,000","-600,000","-2,500,000","-400,000","-500,000","0","-500,000","-700,000","-300,000","-500,000","-400,000","-200,000","-500,000","-300,000","-400,000","-700,000","-300,000","-300,000","-400,000","-200,000","-400,000"
			PurchaseOfPPE,"-51,017,000","-9,702,000","-14,596,000","-11,204,000","-15,515,000","-10,918,000","-7,967,000","-4,080,000","-9,253,000","-8,791,000","-8,720,000","-7,551,000","-7,393,000","-7,254,000","-7,741,000","-6,805,000","-7,286,000","-13,411,000","-11,251,000","-6,316,000","-3,835,000","-7,789,000","-5,084,000","-11,512,000","-20,114,000","-14,821,000","-14,051,000","-17,729,000","-18,755,000","-24,484,000","-28,173,000","-19,756,000","-18,734,000","-17,603,000","-24,069,000","-26,942,000","-16,714,000","-12,104,000","-19,573,000","-16,051,000","-14,763,000","-11,188,000","-34,055,000","-7,573,000","-8,850,000","-5,060,000","-7,993,000","-7,763,000","-3,495,000","-3,238,000","-2,438,000","-4,698,000","-4,050,000","-2,513,000","-5,671,000","-6,823,000","-3,516,000","-6,327,000","-2,651,000","-1,669,000","-505,000","-1,560,000","-2,214,000","-1,748,000","-1,284,000","-297,000","-505,000","-1,247,000","-908,000","-1,444,000","-247,000","-265,000","-471,000","-458,000","-2,002,000","-200,000","-161,000","-92,000","-575,000","-47,000","-38,000","-817,000","-513,000","-758,000","-489,000","-695,000","-41,000","-1,041,000","-168,000","-505,000","0","-100,000","-400,000","-400,000","-300,000","-700,000","-2,500,000","-400,000","-500,000","0","-500,000","-700,000","-300,000","-500,000","-400,000","-200,000","-500,000","-300,000","-400,000","-700,000","-300,000","-300,000","-400,000","-200,000","-400,000"
			SaleOfPPE,"8,000","8,000","0","0","0","0","0","8,000","41,000","225,000","26,000","13,000","227,000","0","0","21,000","47,000",,,,,,,,,,,,,,,,,,,,,,,,,,,,,,,,,,,,,,"53,000","10,000","52,000","4,000","0","0","36,000","18,000","10,000","0","13,000","19,000",,,,,"2,000","21,000","19,000","1,000","615,000","0","0","2,000",,,,,"0","0","0","617,000","0","0","1,000","18,000",,,,,"0",,,,,,,,,,,,,,,,,,,,
		NetIntangiblesPurchaseAndSale,,,,,,,,,,,,,,,,,,,,,,,,,,,"0",,,"0","0","-9,489,000","0","-30,000","-4,667,000","146,000",,,"-973,000","-3,985,000","0","0","199,000","234,000","-310,000","-4,148,000",,,,,,,,,,,,,,,,,,,,,,,,,,,,,,,,,,,,,,,,,,,,,,,,,,,,,,,,,,,,,,,,,,,,,
			PurchaseOfIntangibles,,,,,,,,,,,,,,,,,,,,,,,,,,,"0",,,"0","0","-9,489,000","0","-30,000","-4,667,000","146,000",,,"-973,000","-3,985,000","0","0","199,000","234,000","-310,000","-4,148,000",,,,,,,,,,,,,,,,,,,,,,,,,,,,,,,,,,,,,,,,,,,,,,,,,,,,,,,,,,,,,,,,,,,,,
		NetBusinessPurchaseAndSale,,,,,,,,,,,,,,,,,,,,,,,,,,,,,,,,,,,"0","0",,,"-500,000",,,,"1,412,000","-126,615,000","0","0","0","-2,000,000","0","-3,191,000","0","-202,000","0","-1,675,000","-162,000","102,000",,,,,,,,,,,,,,,,,,,,,,,,,,,,,,,,,,,,,,,,,,,,,,,,,,,,,,,,,,,
			PurchaseOfBusiness,,,,,,,,,,,,,,,,,,,,,,,,,,,,,,,,,,,"0","0",,,"-500,000",,,,"1,412,000","-126,615,000","0","0","0","-2,000,000","0","-3,191,000","0","-202,000","0","-1,675,000",,,,,,,,,,,,,,,,,,,,,,,,,,,,,,,,,,,,,,,,,,,,,,,,,,,,,,,,,,,,,
		NetInvestmentPurchaseAndSale,,,,,,,,,,,,,,,,,,,,,,,,,,,,,,,,,,,,,,,"500,000","1,500,000",,,"0","0","0","0","0","0","0","26,080,000","23,489,000","16,734,000","-16,779,000","-33,266,000","14,804,000","14,446,000","54,528,000","11,092,000","-78,065,000","30,651,000","17,775,000","-19,597,000","-36,511,000","27,400,000","-646,000","-52,288,000","-2,500,000","0","0","15,475,000",,,,,,,,,,,,,,,,,,,,,,,,,,,,,,,,,,,,,"0","0","1,500,000","3,400,000","9,600,000","-2,000,000","-2,700,000","8,500,000",
			PurchaseOfInvestment,,,,,,,,,,,,,,,,,,,,,,,,,,,,,,,,,,,,,,,,"1,500,000",,,,,,,"0","0","0","0","24,000","24,000","-28,204,000","-38,744,000","-10,890,000","-19,575,000","-24,876,000","-148,838,000","-79,367,000","-15,500,000","-57,775,000","-72,729,000","-56,005,000","-3,849,000","-23,069,000","-63,766,000",,,,,,,,,,,,,,,,,,,,,,,,,,,,,,,,,,,,,,,,,,,,,,,,,
			SaleOfInvestment,,,,,,,,,,,,,,,,,,,,,,,,,,,,,,,,,,,,,,,,,,,"0","0","0","0","0","0","0","26,080,000","23,465,000","16,710,000","11,425,000","5,478,000","25,694,000","34,021,000","79,404,000","159,930,000","1,302,000","46,151,000","75,550,000","53,132,000","19,494,000","31,249,000","22,423,000","11,478,000","34,616,000","0","0","15,475,000",,,,,,,,,,,,,,,,,,,,,,,,,,,,,,,,,,,,,"0","0","1,500,000","3,400,000","9,600,000","-2,000,000","-2,700,000","8,500,000",
		NetOtherInvestingChanges,,,,,,,,,,,,,,,,,,,,,,,,,,"400,000","0",,,,,,,,,,,,,,,,,,,,,,,,,,,,,,,,,,,,,,,,,,,,,,,,"-1,491,000",,,"-59,000",,,,,"0","0",,,,,,,"-100,000",,,,,,,"-2,000,000","200,000","-200,000",,,"700,000","-500,000",,,"100,000",,,,"0","100,000","0","-1,600,000",
	CashFromDiscontinuedInvestingActivities,,,,,,,,,,,,,,,,,,,,,,,,,,,,,,,,,,,,,,,,,,,,,,,,,,,,,,,,,,,,,,,,,,,,,,,,,,,,,,,,,,,,,,"-1,566,000",,,,,,,,,,,,,,,,,,,,,,,,,,,,,
FinancingCashFlow,"-367,482,000","-89,140,000","-134,072,000","-62,088,000","-82,182,000","-127,811,000","-5,586,000","3,813,000","3,000","-5,187,000","-7,524,000","-146,651,000","-32,752,000","-36,000","-97,754,000","-58,766,000","-10,638,000","-125,123,000","-163,560,000","131,994,000","-1,026,000","-32,640,000","-258,754,000","165,913,000","22,411,000","16,873,000","-294,697,000","249,199,000","-7,715,000","-94,011,000","-164,634,000","184,017,000","-3,632,000","-22,604,000","-236,531,000","218,549,000","14,631,000","-47,162,000","-278,529,000","187,879,000","-100,039,000","-51,932,000","-46,213,000","43,012,000","-22,066,000","-1,893,000","850,000","-7,413,000","-2,694,000","205,000","-682,000","-19,918,000","-658,000","193,000","-1,618,000","1,335,000","2,116,000","434,000","1,180,000","7,698,000","5,460,000","502,000","821,000","360,000","616,000","824,000","-12,676,000","13,238,000","61,000","1,161,000","2,164,000","197,000","8,554,000","-2,702,000","3,993,000","2,158,000","-3,332,000","-2,832,000","24,511,000","-15,000","32,000","14,000","-72,000","-3,000","26,000","36,000","-752,000","1,136,000","-8,479,000","2,604,000","4,300,000","-10,300,000","-23,400,000","14,500,000","12,300,000","-3,200,000","-10,600,000","12,500,000","4,800,000","-200,000","-11,200,000","2,300,000","700,000","-3,300,000","-2,600,000","-3,800,000","700,000","12,500,000","-6,600,000","100,000","0","-100,000","0","0","29,600,000"
	CashFlowFromContinuingFinancingActivities,"-367,482,000","-89,140,000","-134,072,000","-62,088,000","-82,182,000","-127,811,000","-5,586,000","3,813,000","3,000","-5,187,000","-7,524,000","-146,651,000","-32,752,000","-36,000","-97,754,000","-58,766,000","-10,638,000","-125,123,000","-163,560,000","131,994,000","-1,026,000","-32,640,000","-258,754,000","165,913,000","22,411,000","16,873,000","-294,697,000","249,199,000","-7,715,000","-94,011,000","-164,634,000","184,017,000","-3,632,000","-22,604,000","-236,531,000","218,549,000","14,631,000","-47,162,000","-278,529,000","187,879,000","-100,039,000","-51,932,000","-46,213,000","43,012,000","-22,066,000","-1,893,000","850,000","-7,413,000","-2,694,000","205,000","-682,000","-19,918,000","-658,000","193,000","-1,618,000","1,335,000","2,116,000","434,000","1,180,000","7,698,000","5,460,000","502,000","821,000","360,000","616,000","824,000","-12,676,000","13,238,000","61,000","1,161,000","2,164,000","197,000","8,554,000","-2,702,000","3,993,000","2,158,000","-3,332,000","-2,832,000","24,511,000","-15,000","32,000","14,000","-72,000","-3,000","26,000","36,000","-752,000","1,136,000","-8,479,000","2,604,000","4,300,000","-10,300,000","-23,400,000","14,500,000","12,300,000","-3,200,000","-10,600,000","12,500,000","4,800,000","-200,000","-11,200,000","2,300,000","700,000","-3,300,000","-2,600,000","-3,800,000","700,000","12,500,000","-6,600,000","100,000","0","-100,000","0","0","29,600,000"
		NetIssuancePaymentsOfDebt,"0","0","0","0","0","-30,431,000","-9,639,000","8,945,000","-154,000","-6,174,000","-7,459,000","13,315,000","-146,000","-153,000","-70,767,000","70,861,000","-139,000","-146,000","-133,028,000","132,619,000","-133,000","-29,968,000","-244,154,000","167,407,000","43,242,000","43,648,000","-293,261,000","273,319,000","37,881,000","-125,000","-149,368,000","184,678,000","-3,458,000","-3,000,000","-235,730,000","219,458,000","16,000,000","-23,000,000","-240,286,000",,,,"-45,000,000",,,,,,,,,,,,,,,,,,,,,,,,,"11,978,000",,,"0","0","-27,287,000","-3,000,000","4,197,000","2,097,000","-3,697,000","-2,999,000","24,394,000","-37,000","-109,000","-106,000","-103,000","-103,000","-99,000","-97,000","-778,000","1,070,000","-8,479,000","2,566,000","4,300,000","-10,400,000","-23,400,000","14,500,000","12,200,000","-2,800,000","-9,100,000","13,000,000","7,200,000","0","-11,500,000","2,500,000","4,900,000","-4,000,000","-2,000,000","-3,800,000","700,000","7,300,000","-1,300,000","4,900,000","0","-100,000","0","-100,000","-2,500,000"
			NetLongTermDebtIssuance,"0","0","0","0","0","-30,431,000","-161,000","-155,000","-154,000","-155,000","-154,000","-148,000","-146,000","-153,000","-146,000","-140,000","-139,000","-146,000","-139,000","-132,000","-133,000","-139,000","-132,000","-127,000","-125,000","-128,000","-126,000","-120,000","-119,000","-126,000","-120,000",,,,,,,,,,,,,,,,,,,,,,,,,,,,,,,,,,,,,,,,,,,,,,,,,,,,,,,,,,,,,,,,,,,,,,,,,,,,,,,,,,,,
				LongTermDebtIssuance,,,,,,,,,,,,,,,,,,,,,,,,,,"0","0",,,"0","0",,,,,,,,,,,,,,,,,,,,,,,,,,,,,,,,,,,,,,,,,,,,,,,,,,,,,,,,,,,,,,,,,,,,,,,,,,,,,,,,,,,,
				LongTermDebtPayments,"0","0","0","0","0","-30,431,000","-161,000","-155,000","-154,000","-155,000","-154,000","-148,000","-146,000","-153,000","-146,000","-140,000","-139,000","-146,000","-139,000","-132,000","-133,000","-139,000","-132,000","-127,000","-125,000","-128,000","-126,000","-120,000","-119,000","-126,000","-120,000",,,,,,,,,,,,,,,,,,,,,,,,,,,,,,,,,,,,,,,,,,,,,,,,,,,,,,,,,,,,,,,,,,,,,,,,,,,,,,,,,,,,
			NetShortTermDebtIssuance,"0","0","0",,,"0","-9,478,000",,,"-6,019,000","-7,305,000",,,"0","-70,621,000",,,"0","-132,889,000","132,751,000","0","-29,829,000","-244,022,000","167,534,000","43,367,000","43,776,000","-293,135,000","273,439,000","38,000,000","1,000","-149,248,000","150,784,000","-3,458,000","-3,000,000","-235,730,000","219,458,000","16,000,000","-23,000,000","-240,286,000",,,,"-45,000,000",,,,,,,,,,,,,,,,,,,,,,,,,,,,,,,,,,,,,,,,,,,,,,,,,,,,,,,,,,,,,,,,,,,,,,,,
				ShortTermDebtIssuance,"0","0","0",,,"0","0",,,"0","39,873,000",,,"0","54,000,000",,,"0","58,000,000","156,751,000","0","0","103,187,000","192,801,000","110,000,000","63,000,000","43,865,000","304,335,000","38,000,000","0","49,000,000","150,784,000","0","0","34,270,000","250,458,000","26,000,000","10,000,000","32,000,000",,,,"0",,,,,,,,,,,,,,,,,,,,,,,,,,,,,,,,,,,,,,,,,,,,,,,,,,,,,,,,,,,,,,,,,,,,,,,,
				ShortTermDebtPayments,"0","0",,,,"0","-9,478,000",,,"-6,019,000","-47,178,000",,,"0","-124,621,000",,,"0","-190,889,000","-24,000,000","0","-29,829,000","-347,209,000","-25,267,000","-66,633,000","-19,224,000","-337,000,000","-30,896,000","0","1,000","-198,248,000","0","-3,458,000","-3,000,000","-270,000,000","-31,000,000","-10,000,000","-33,000,000","-272,286,000",,,,,,,,,,,,,,,,,,,,,,,,,,,,,,,,,,,,,,,,,,,,,,,,,,,,,,,,,,,,,,,,,,,,,,,,,,,,
		NetCommonStockIssuance,"-368,686,000","-89,140,000","-135,207,000","-62,088,000","-82,251,000","-98,572,000","-149,000","-6,266,000","-90,000","1,135,000","-251,000","-163,543,000","-32,606,000","-428,000","-26,971,000","-128,825,000","-10,499,000","-125,389,000","-30,532,000","-978,000","-893,000","-1,553,000","-14,847,000","-2,931,000","-1,106,000","-26,900,000","-1,377,000","-24,009,000","-45,605,000","-95,651,000","-16,619,000","-570,000","-73,000","-3,752,000","-1,839,000","-1,450,000","-1,591,000","-1,804,000","-42,535,000","-84,695,000","-80,001,000","-19,999,000","43,000","15,000","-19,918,000","4,000","3,000","-7,445,000","-2,629,000","78,000","107,000",,,,"168,000","26,000",,,"308,000","1,004,000","685,000","281,000","269,000","240,000","325,000","507,000","524,000",,,"1,161,000","2,164,000","197,000","35,841,000","298,000","-204,000","61,000","365,000","167,000","117,000","22,000","141,000","120,000","31,000","100,000","125,000","133,000","26,000","66,000","0","38,000","0","0","0","100,000","0","-300,000","-1,700,000","-400,000",,,"300,000","-200,000","-4,000,000","0",,,"0","2,200,000","-2,200,000","-4,900,000","0","0","0","100,000",
			CommonStockIssuance,"1,991,000","1,077,000","0",,,"804,000","0",,,,,,"2,773,000",,,,,,,,,,,,,,,,,"0",,,,,,,,,,,,,"43,000","15,000","0","4,000","3,000","2,000","6,000","78,000",,,,,"168,000","26,000",,,"308,000","1,004,000","685,000","281,000","269,000","240,000","325,000","507,000","524,000",,,"1,161,000","2,164,000","197,000","35,841,000","298,000","-204,000","61,000","365,000","167,000","117,000","22,000","141,000","120,000","31,000","100,000","125,000","133,000","26,000","66,000","0","38,000","0","0","0","100,000","0","0","0","100,000","0","0",,,"200,000","0",,,,,,,"0","0","0","100,000",
			CommonStockPayments,"-370,677,000","-90,217,000","-135,207,000","-63,002,000","-82,251,000","-99,376,000","-149,000","-6,964,000","-90,000","-153,000","-251,000","-160,770,000","-35,379,000","-428,000","-26,971,000","-128,825,000","-10,499,000","-125,389,000","-30,532,000","-978,000","-893,000","-1,553,000","-14,847,000","-2,931,000","-1,106,000","-26,900,000","-1,377,000","-24,009,000","-45,605,000","-95,651,000","-16,619,000","-570,000","-73,000","-3,752,000","-1,891,000","-1,450,000","-1,591,000","-1,804,000","-42,535,000","-84,695,000","-80,001,000","-19,999,000","0","0",,,"0","-7,447,000",,,"0",,,,,,,,,,,,,,,,,,,,,,,,,,,,,,,,,,,,,,,,,,,,"0","-300,000","-1,700,000","-500,000","-1,900,000","-100,000","-400,000","-200,000",,,,,"0",,,"-4,900,000",,,,,
		ProceedsFromStockOptionExercised,"1,204,000","0","1,135,000","0","69,000","1,192,000","4,202,000","1,134,000","247,000","-148,000","186,000",,,"550,000","0",,,"412,000","0",,,"386,000","0",,,,,,,,,,,,,,,,,,,,,,,,,,,,,,,,,,,,,,,,,,,,,,,,,,,,,,,,,,,,,,,,,,,,,,,,,,,,,,,,,,,,,,,,,,,,
		NetOtherFinancingCharges,,,,,,,,,,,,,,"-5,000","-16,000",,,,,,,"-1,505,000","247,000","1,025,000","-19,725,000","125,000","-59,000","-111,000","9,000","1,765,000","1,353,000","-91,000","-101,000","-15,852,000","1,038,000","541,000","222,000","-22,358,000","4,292,000","-712,000","-20,038,000","-31,933,000","-1,256,000","-2,003,000","-2,148,000","-1,897,000","847,000","32,000","-65,000","127,000","-789,000","82,000","-658,000","193,000","-1,786,000","1,309,000","1,906,000","434,000","872,000","6,694,000","4,775,000","221,000","552,000","120,000","291,000","317,000",,,,,,,,,,,,,,,,,,,,,,,,,,,"0","-100,000",,,"200,000","-100,000",,,,,,,,,,,"-3,100,000","100,000",,,,,
EndCashPosition,"843,527,000","843,527,000","998,261,000","746,211,000","956,712,000","1,089,361,000","1,156,556,000","626,414,000","661,941,000","649,436,000","616,864,000","177,673,000","502,626,000","589,692,000","515,938,000","182,192,000","417,851,000","429,970,000","493,002,000","230,586,000","279,940,000","291,764,000","296,428,000","110,047,000","202,309,000","245,956,000","263,009,000","99,775,000","168,744,000","225,143,000","369,442,000","114,651,000","158,226,000","245,088,000","237,125,000","84,107,000","49,126,000","64,591,000","110,247,000","61,636,000","114,401,000","228,571,000","263,606,000","90,425,000","325,170,000","437,900,000","445,226,000","250,536,000","333,745,000","357,328,000","315,862,000","75,612,000","108,163,000","179,073,000","176,804,000","35,087,000","79,636,000","81,065,000","54,525,000","39,308,000","30,585,000","25,303,000","34,255,000","17,141,000","9,499,000","10,552,000","50,749,000","19,081,000","11,102,000","17,634,000","10,379,000","15,738,000","24,394,000","10,848,000","16,689,000","1,941,000","2,212,000","4,769,000","3,941,000","20,491,000","21,996,000","12,966,000","16,689,000","24,165,000","22,032,000","11,940,000","9,057,000","15,038,000","9,885,000","2,256,000","1,600,000","1,600,000","4,800,000","0","0","0","0","0","0","0","0","0","0","0","0","0","0","0","0","0","0","0","0","0","0"
	ChangesInCash,"-246,138,000","-153,851,000","251,376,000","-209,634,000","-134,029,000","-64,774,000","524,669,000","-37,388,000","11,960,000","33,856,000","438,663,000","-323,716,000","-86,547,000","72,475,000","334,982,000","-234,360,000","-9,804,000","-64,163,000","261,075,000","-49,764,000","-12,209,000","-8,482,000","192,508,000","-91,822,000","-41,096,000","-17,598,000","165,270,000","-67,462,000","-58,190,000","-141,568,000","259,290,000","-39,639,000","-87,325,000","7,672,000","152,322,000","33,711,000","-16,119,000","-43,499,000","48,216,000","-52,939,000","-113,304,000","-36,050,000","173,692,000","-234,821,000","-113,188,000","-7,518,000","194,705,000","-83,276,000","-23,632,000","41,473,000","240,275,000","-32,621,000","-70,880,000","2,237,000","141,705,000","-44,587,000","-1,429,000","26,570,000","15,233,000","8,753,000","5,287,000","-8,946,000","17,139,000","7,638,000","-1,022,000","-40,182,000","31,657,000","7,977,000","-6,573,000","7,232,000","-5,312,000","-8,645,000","13,541,000","4,172,000","9,632,000","-271,000","-2,557,000","828,000","-16,550,000","-1,505,000","9,030,000","-3,723,000","-7,476,000","2,133,000","10,092,000","2,883,000","-5,981,000","5,153,000","7,629,000","623,000","0","-3,100,000","700,000","3,800,000","-3,600,000","-2,000,000","3,700,000","-1,100,000","-5,200,000","6,100,000","800,000","200,000","-1,100,000","-3,900,000","2,600,000","400,000","-1,100,000","2,200,000","-400,000","-300,000","100,000","-1,700,000","700,000","700,000","2,400,000"
	EffectOfExchangeRateChanges,"304,000","-883,000","674,000","-867,000","1,380,000","-2,421,000","5,473,000","1,861,000","545,000","-1,284,000","528,000","-1,237,000","-519,000","1,279,000","-1,236,000","-1,299,000","-2,315,000","1,131,000","1,341,000","410,000","385,000","3,818,000","-6,127,000","-440,000","-2,551,000","545,000","-2,036,000","-1,507,000","1,791,000","-2,731,000","-4,499,000","-3,936,000","463,000","291,000","696,000","1,270,000","654,000","-2,157,000","395,000","174,000","-866,000","1,015,000","-511,000","76,000","458,000","192,000","-15,000","67,000","49,000","-7,000","-25,000","70,000","-30,000","32,000","12,000","38,000","0","-30,000","-16,000","-30,000","-5,000","-6,000","-25,000","4,000","-31,000","-15,000","11,000","2,000","41,000","23,000","-47,000","-11,000","5,000","14,000",,,,,,,,,,,,,,,,,,,,,,,,,,,,,,,,,,,,,,,,,
	BeginningCashPosition,"1,089,361,000","998,261,000","746,211,000","956,712,000","1,089,361,000","1,156,556,000","626,414,000","661,941,000","649,436,000","616,864,000","177,673,000","502,626,000","589,692,000","515,938,000","182,192,000","417,851,000","429,970,000","493,002,000","230,586,000","279,940,000","291,764,000","296,428,000","110,047,000","202,309,000","245,956,000","263,009,000","99,775,000","168,744,000","225,143,000","369,442,000","114,651,000","158,226,000","245,088,000","237,125,000","84,107,000","49,126,000","64,591,000","110,247,000","61,636,000","114,401,000","228,571,000","263,606,000","90,425,000","325,170,000","437,900,000","445,226,000","250,536,000","333,745,000","357,328,000","315,862,000","75,612,000","108,163,000","179,073,000","176,804,000","35,087,000","79,636,000","81,065,000","54,525,000","39,308,000","30,585,000","25,303,000","34,255,000","17,141,000","9,499,000","10,552,000","50,749,000","19,081,000","11,102,000","17,634,000","10,379,000","15,738,000","24,394,000","10,848,000","6,662,000","1,941,000","2,212,000","4,769,000","3,941,000","20,491,000","21,996,000","12,966,000","16,689,000","24,165,000","22,032,000","11,940,000","9,057,000","15,038,000","9,885,000","2,256,000","1,633,000","1,600,000","4,800,000","0","300,000","0","0","0","3,200,000","0","0","0","1,300,000","0","0","0","3,200,000","0","0","0","2,800,000","0","0","0","3,000,000","0"
	OtherCashAdjustmentOutsideChangeinCash,,,,,,,,,,,,,,,,,,,,,,,,,,,,,,,,,,,,,,,,,,,,,,,,,,,,,,,,,,,,,,,,,,,,,,,,,,,,,,,,,,,,,,,,,,,"0",,,"-4,100,000","3,600,000","2,000,000","-3,700,000","-2,100,000","5,200,000","-6,100,000","-800,000","-1,500,000","1,100,000","3,900,000","-2,600,000","-3,600,000","1,100,000","-2,200,000","300,000","-2,500,000","-100,000","1,700,000","-700,000","-3,700,000","-2,400,000"
IncomeTaxPaidSupplementalData,"192,013,000","67,362,000","50,339,000","63,501,000","10,811,000","47,111,000","45,193,000","7,548,000","4,216,000","27,091,000","29,974,000","5,675,000","11,833,000","20,337,000","28,368,000","2,991,000","1,961,000",,,,"2,266,000",,,,,"21,177,000","2,157,000","2,570,000","4,012,000","49,141,000","-732,000","2,828,000","2,267,000","48,040,000","8,897,000","771,000","1,569,000","27,885,000","27,113,000","3,870,000","1,891,000","34,025,000","26,309,000","319,000","7,910,000","27,867,000","49,113,000","6,137,000",,,"37,096,000","590,000","5,255,000","23,599,000",,,,,,,,,,,,,,,,,,,,,,,,,,,,,,,,,,,,,,,,,,,,,,,,,,,,,,,,,,,,,
InterestPaidSupplementalData,"1,842,000","443,000","463,000","443,000","493,000","595,000","831,000","749,000","756,000","717,000","631,000","555,000","563,000","653,000","886,000","778,000","1,494,000","618,000","1,549,000","1,027,000","580,000","1,315,000","1,890,000","1,376,000","913,000","2,489,000","1,366,000","600,000","185,000","14,000","2,019,000","351,000","290,000","187,000","1,257,000","903,000","358,000","68,000","2,885,000","406,000","0","47,000","74,000","2,000","6,000","6,000","34,000","24,000",,,"10,000","5,000","2,000","2,000",,,,,,,,,,,,,,,,,,,,,,,,,,,,,,,,,,,,,,,,,,,,,,,,,,,,,,,,,,,,,
CapitalExpenditure,"-51,017,000","-9,702,000","-14,596,000","-11,204,000","-15,515,000","-10,918,000","-7,967,000","-4,080,000","-9,253,000","-8,791,000","-8,720,000","-7,551,000","-7,393,000","-7,254,000","-7,741,000","-6,805,000","-7,286,000","-13,411,000","-11,251,000","-6,316,000","-3,835,000","-7,789,000","-5,084,000","-11,512,000","-20,114,000","-14,821,000","-14,051,000","-17,729,000","-23,455,000","-24,484,000","-28,173,000","-29,245,000","-18,734,000","-17,633,000","-28,736,000","-26,796,000","-17,561,000","-12,104,000","-20,546,000","-20,036,000","-14,763,000","-11,188,000","-33,856,000","-7,339,000","-9,160,000","-9,208,000","-7,993,000","-7,763,000","-3,495,000","-3,238,000","-2,438,000","-4,698,000","-4,050,000","-2,513,000","-5,671,000","-6,823,000","-3,516,000","-6,327,000","-2,651,000","-1,669,000","-505,000","-1,560,000","-2,214,000","-1,748,000","-1,284,000","-297,000","-505,000","-1,247,000","-908,000","-1,444,000","-247,000","-265,000","-471,000","-458,000","-2,002,000","-200,000","-161,000","-92,000","-575,000","-47,000","-38,000","-817,000","-513,000","-758,000","-489,000","-695,000","-41,000","-1,041,000","-168,000","-505,000",,"-100,000","-400,000","-400,000","-300,000","-700,000","-2,500,000","-400,000","-500,000",,"-500,000","-700,000","-300,000","-500,000","-400,000","-200,000","-500,000","-300,000","-400,000","-700,000","-300,000","-300,000","-400,000","-200,000","-400,000"
IssuanceOfCapitalStock,"1,991,000","1,077,000","0",,,"804,000","0",,,,,,"2,773,000",,,,,,,,,,,,,,,,,"0",,,,,,,,,,,,,"43,000","15,000","0","4,000","3,000","2,000","6,000","78,000",,,,,"168,000","26,000",,,"308,000","1,004,000","685,000","281,000","269,000","240,000","325,000","507,000","524,000",,,"1,161,000","2,164,000","197,000","35,841,000","298,000","-204,000","61,000","365,000","167,000","117,000","22,000","141,000","120,000","31,000","100,000","125,000","133,000","26,000","66,000","0","38,000","0","0","0","100,000","0","0","0","100,000","0","0",,,"200,000","0",,,,,,,"0","0","0","100,000",
IssuanceOfDebt,"0","0","0",,,"0","0",,,"0","39,873,000",,,"0","54,000,000",,,"0","58,000,000","156,751,000","0","0","103,187,000","192,801,000","110,000,000","63,000,000","43,865,000","304,335,000","38,000,000","0","49,000,000","184,715,000","0","0","34,270,000","250,458,000","26,000,000","10,000,000","32,000,000",,,,"0",,,,,,,,,,,,,,,,,,,,,,,,,,,,,,,,,,,,,,,,,,,,,,,,,,,,,,,,,,,,,,,,,,,,,,,,
RepaymentOfDebt,"0","0","0","0","0","-30,431,000","-9,639,000","-155,000","-154,000","-6,174,000","-47,332,000","-16,148,000","-146,000","-153,000","-124,767,000","-37,140,000","-139,000","-146,000","-191,028,000","-24,132,000","-133,000","-29,968,000","-347,341,000","-25,394,000","-66,758,000","-19,352,000","-337,126,000","-31,016,000","-119,000","-125,000","-198,368,000","-37,000","-3,458,000","-3,000,000","-270,000,000","-31,000,000","-10,000,000","-33,000,000","-272,286,000",,,,,,,,,,,,,,,,,,,,,,,,,,,,,,,,,,,,,,,,,,,,,,,,,,,,,,,,,,,,,,,,,,,,,,,,,,,,
RepurchaseOfCapitalStock,"-370,677,000","-90,217,000","-135,207,000","-63,002,000","-82,251,000","-99,376,000","-149,000","-6,964,000","-90,000","-153,000","-251,000","-160,770,000","-35,379,000","-428,000","-26,971,000","-128,825,000","-10,499,000","-125,389,000","-30,532,000","-978,000","-893,000","-1,553,000","-14,847,000","-2,931,000","-1,106,000","-26,900,000","-1,377,000","-24,009,000","-45,605,000","-95,651,000","-16,619,000","-570,000","-73,000","-3,752,000","-1,891,000","-1,450,000","-1,591,000","-1,804,000","-42,535,000","-84,695,000","-80,001,000","-19,999,000","0","0",,,"0","-7,447,000",,,"0",,,,,,,,,,,,,,,,,,,,,,,,,,,,,,,,,,,,,,,,,,,,"0","-300,000","-1,700,000","-500,000","-1,900,000","-100,000","-400,000","-200,000",,,,,"0",,,"-4,900,000",,,,,
FreeCashFlow,"121,336,000","-64,719,000","385,448,000","-147,546,000","-51,847,000","63,037,000","530,256,000","-41,210,000","11,916,000","38,818,000","446,161,000","-177,078,000","-54,022,000","72,511,000","432,736,000","-175,615,000","787,000","60,844,000","424,635,000","-181,758,000","-11,183,000","24,158,000","451,262,000","-257,735,000","-63,507,000","-34,871,000","459,967,000","-319,096,000","-50,475,000","-47,557,000","423,924,000","-223,656,000","-83,693,000","30,276,000","388,853,000","-184,838,000","-30,750,000","3,663,000","326,745,000","-233,989,000","-11,265,000","15,882,000","218,493,000","-151,218,000","-91,122,000","-5,625,000","193,855,000","-73,863,000","-20,938,000","18,379,000","217,468,000","-29,235,000","-53,443,000","36,985,000","128,628,000","-60,480,000","-52,249,000","15,040,000","92,118,000","-29,596,000","-17,984,000","10,131,000","52,819,000","-20,122,000","-1,005,000","11,263,000","46,802,000","-5,261,000","-6,634,000","-9,404,000","7,997,000","-8,863,000","4,968,000","6,873,000","6,515,000","-2,429,000","791,000","3,717,000","2,193,000","-1,490,000","8,998,000","-3,737,000","-7,404,000","2,136,000","10,066,000","3,796,000","-5,229,000","4,017,000","16,107,000","-1,999,000","-4,200,000","8,100,000","24,100,000","-10,700,000","-15,800,000","1,000,000","12,300,000","-11,600,000","-10,200,000","6,500,000","13,000,000","-2,100,000","-2,500,000","-100,000","5,900,000","4,200,000","-1,900,000","4,000,000","4,700,000","-3,800,000","-9,500,000","300,000","3,400,000","-6,200,000","-9,000,000"